20
1 2 71
2 1 71
2 0 75
0 2 75
1 4 151
4 1 151
0 6 118
6 0 118
0 4 140
4 0 140
4 5 99
5 4 99
4 7 80
7 4 80
6 8 111
8 6 111
8 10 70
10 8 70
5 19 211
19 5 211
7 9 97
9 7 97
7 12 146
12 7 146
10 11 75
11 10 75
11 12 120
12 11 120
9 12 138
12 9 138
9 19 101
19 9 101
13 19 90
19 13 90
19 16 85
16 19 85
16 15 98
15 16 98
15 14 86
14 15 86
16 17 142
17 16 142
17 18 92
18 17 92
3 18 87
18 3 87